172.17
158.90
114.82
171.77
103.00
137.60
165.89
184.87
181.12
119.55
120.76
171.01
150.34
115.04
148.99
112.32
191.10
119.78
120.39
126.07
170.58
186.74
144.71
195.61
174.13
108.81
194.07
122.37
115.19
103.13
147.51
149.57
168.75
152.19
184.03
174.29
124.02
149.03
190.26
107.96
106.36
114.27
142.08
167.61
175.37
101.30
165.57
180.25
166.39
182.52
182.28
160.97
105.99
114.44
195.79
181.57
198.63
112.16
182.61
181.28
151.26
125.10
108.69
183.39
175.22
194.58
104.98
172.67
181.09
191.59
100.25
157.01
160.50
178.14
127.47
183.89
131.88
109.34
191.25
107.26
111.42
194.86
108.18
103.78
159.87
168.40
109.32
118.51
146.45
171.46
124.66
179.75
166.38
143.95
153.06
160.45
145.97
128.28
158.10
178.87
170.22
135.76
119.91
125.76
171.84
194.67
116.55
176.43
127.75
197.84
104.36
197.01
119.28
194.25
116.07
181.74
125.94
123.99
198.18
164.99
138.70
178.65
164.17
135.85
198.80
180.56
149.34
145.83
190.57
113.18
114.54
141.08
142.63
102.24
161.11
169.08
121.15
143.00
187.34
107.02
130.43
191.93
138.22
134.06
171.94
193.30
174.04
122.80
150.84
190.79
111.52
156.81
160.75
181.91
171.04
190.44
122.13
109.44
197.83
154.73
197.35
148.01
111.24
178.97
156.44
136.22
176.70
141.36
121.48
125.33
187.59
184.12
174.80
163.72
190.65
128.49
176.23
113.44
187.91
103.41
198.30
199.46
100.47
157.82
154.55
125.58
184.97
161.23
165.76
151.73
152.44
109.52
181.92
116.57
151.04
143.94
153.26
106.75
138.80
159.92
122.95
119.36
191.12
129.43
196.09
137.93
158.39
185.54
124.89
143.63
113.83
121.25
138.28
113.50
108.92
135.86
135.83
115.10
184.26
121.78
160.24
193.32
167.65
121.96
160.68
158.92
127.80
104.40
159.94
131.01
141.97
193.34
142.54
155.75
179.20
169.35
187.83
122.37
196.61
100.23
182.63
124.04
195.87
193.00
161.15
166.10
189.17
163.62
136.49
106.95
179.71
105.45
107.77
127.87
170.46
100.25
149.38
167.51
176.47
156.00
115.16
123.66
131.45
174.86
118.83
120.55
146.87
151.49
184.68
163.58
103.39
176.99
197.14
154.75
128.64
177.11
116.82
121.98
142.70
144.50
171.80
123.59
133.45
134.49
177.51
124.92
157.35
181.20
186.67
108.46
148.18
156.89
121.12
171.14
156.39
140.79
191.87
182.62
134.31
186.20
170.43
127.37
129.16
174.30
135.13
129.43
144.83
121.49
178.96
164.13
185.88
163.51
132.71
193.42
102.78
173.95
126.06
122.93
116.31
187.36
182.58
167.69
110.39
187.97
120.22
130.99
148.06
193.81
107.86
146.13
183.15
113.03
110.85
104.37
111.18
174.30
143.36
194.06
127.90
136.34
134.09
105.71
140.69
163.15
103.17
115.72
109.02
110.78
142.85
147.37
173.77
109.13
192.12
122.13
171.90
138.15
196.66
156.17
123.09
191.44
149.04
127.93
117.86
192.28
111.62
140.63
133.03
177.43
134.70
130.58
149.59
191.85
195.78
126.82
150.46
144.28
102.38
150.54
131.37
157.74
120.53
153.75
166.59
111.89
113.76
135.91
133.06
114.62
103.17
144.37
111.66
159.35
188.39
160.04
152.07
121.46
101.23
193.15
109.08
122.06
199.14
165.60
132.56
140.99
143.81
136.31
120.55
191.98
152.06
133.71
125.74
182.48
150.42
195.71
138.99
168.16
113.02
181.56
160.75
178.04
112.62
112.33
110.77
129.79
169.46
117.08
119.95
176.84
138.91
110.47
193.95
129.12
139.82
104.11
137.98
167.24
188.32
158.64
184.13
126.50
168.78
116.75
168.60
161.50
142.90
118.09
164.60
114.69
170.93
186.20
188.57
102.90
194.69
195.16
162.42
104.92
111.15
168.70
132.50
179.91
147.53
138.25
116.98
171.72
134.10
188.15
178.13
157.35
158.97
145.64
192.85
179.03
181.21
131.82
125.86
159.17
172.79
174.98
193.38
134.60
157.67
102.70
141.88
162.66
117.56
170.64
156.86
145.22
137.48
157.03
158.96
188.90
171.51
149.80
141.73
169.79
119.55
180.49
154.00
199.09
119.09
113.39
132.59
192.67
172.44
181.63
146.67
131.72
149.81
172.81
123.57
164.53
130.98
105.92
187.95
140.10
174.54
108.57
160.78
182.88
132.41
199.13
133.11
115.31
159.70
101.66
150.42
109.69
105.02
173.37
117.88
104.04
104.87
103.97
164.20
148.29
147.22
154.43
182.28
156.26
113.98
138.39
198.75
126.74
159.82
113.87
111.00
162.50
135.72
145.04
170.59
160.13
119.57
114.41
184.66
165.38
173.37
114.19
153.42
188.87
106.67
122.12
160.97
155.27
189.50
172.32
189.17
115.35
124.27
163.92
129.92
184.80
155.99
112.00
129.70
186.26
172.81
133.91
112.33
161.95
124.67
181.78
190.58
192.69
167.10
177.10
195.56
106.60
119.02
177.08
123.72
185.47
108.99
103.93
125.94
180.17
172.33
198.05
140.41
127.88
153.57
114.20
101.62
123.19
162.67
165.42
141.48
133.00
131.81
133.95
135.41
160.55
120.07
110.49
136.18
158.06
117.39
193.66
181.37
159.22
106.38
180.01
156.40
152.96
150.83
101.46
144.59
148.16
193.04
122.24
197.93
185.26
158.65
189.71
118.05
135.21
187.34
145.06
145.33
188.90
130.44
138.61
116.00
180.73
182.37
162.10
162.18
109.00
141.89
105.25
197.60
112.77
131.24
168.10
153.12
139.78
136.48
111.61
100.39
193.45
170.78
109.28
129.58
178.15
103.84
170.18
127.40
171.50
145.27
139.95
135.67
140.05
117.64
150.47
157.20
180.44
105.48
181.14
115.92
111.81
120.92
115.13
171.05
167.51
183.44
122.57
131.54
133.94
171.65
179.16
116.12
162.81
168.36
133.67
156.78
139.39
186.59
170.55
149.17
123.60
134.07
174.86
112.05
193.80
146.17
196.18
129.60
113.44
193.39
125.03
115.57
109.79
148.39
141.18
156.18
101.02
179.70
166.28
159.88
132.68
124.54
155.47
166.44
188.31
181.37
191.84
145.22
119.81
154.75
105.94
143.10
102.96
179.10
128.37
126.19
160.93
146.17
197.73
196.34
114.55
161.85
188.42
153.30
111.57
161.63
193.23
116.43
159.61
121.62
194.25
116.30
137.07
111.85
182.18
115.50
185.07
152.39
138.95
120.63
189.18
148.85
181.56
102.94
144.91
103.85
175.89
153.84
162.73
123.68
168.61
163.22
109.88
165.04
152.47
123.53
104.50
196.19
175.61
130.59
174.90
178.48
129.31
173.44
171.69
109.85
199.91
179.53
174.02
110.11
150.76
109.43
162.05
169.36
107.69
175.35
137.71
125.42
157.75
191.88
163.17
184.17
134.97
153.81
152.13
147.21
159.19
176.14
193.05
165.58
114.53
124.14
105.27
195.26
102.60
107.85
129.18
190.37
181.94
114.45
129.67
133.51
110.37
104.52
148.62
169.03
139.57
103.72
176.52
174.88
172.30
180.17
126.02
181.13
181.88
109.52
180.80
119.34
110.75
194.72
162.14
166.07
110.52
125.60
102.40
125.47
159.15
134.51
139.94
181.90
192.87
128.45
152.84
141.01
120.10
155.95
130.66
170.13
142.40
197.02
142.40
142.68
193.92
148.64
196.95
189.51
124.44
114.73
107.46
160.85
193.82
199.74
165.57
106.50
115.91
147.87
102.77
189.12
188.47
166.24
166.72
155.53
172.39
119.61
168.42
104.63
138.27
186.69
162.34
106.76
181.24
123.67
106.35
149.08
116.13
189.15
110.70
104.34
104.05
146.85
126.02
146.16
128.84
176.82
139.40
163.05
137.23
194.57
144.13
155.57
180.09
198.22
124.27
136.08
143.90
138.47
148.13
189.16
141.04
133.33
196.17
192.10
135.95
130.35
158.28
139.54
119.62
152.56
123.17
164.23
109.55
151.47
147.94
196.45
144.39
129.95
140.26
159.00
162.67
191.42
107.03
151.48
104.15
117.45
123.94
138.09
148.21
175.66
158.27
116.33
109.22
111.79
133.80
110.75
141.18
185.88
161.02
105.16
165.34
170.64
168.59
199.90
123.43
142.40
162.55
156.28
176.43
159.68
108.83
169.57
114.54
142.56
181.36
193.73
116.94
137.23
143.35
126.84
102.29
174.46
132.47
153.93
140.05
108.06
101.97
135.97
151.24
150.07
129.33
128.05
112.59
103.06
141.61
107.71
193.00
126.81
122.23
195.24
192.73
166.36
158.11
